120 Registry 0.0 0.1851549481105119
1492 dwm.exe 0.0 0.43230834986145195
1736 Memory Compression 0.0 0.9062291397534469
3060 AvastSvc.exe 0.0 1.6882212542801023
3616 servicehost.exe 0.0 0.194063323904702
3672 officeclicktorun.exe 0.0 0.16044681147379594
4428 sqlceip.exe 0.0 0.22650325840052635
4436 sqlservr.exe 0.0 0.5600030735097079
972 uihost.exe 0.0 0.21444933751458717
6640 sihost.exe 0.0 0.19086975522376592
7576 explorer.exe 0.0 0.7637671624301857
8340 ShellExperienceHost.exe 0.0 0.5482613059534843
8568 SearchUI.exe 0.0 1.0056859929597417
9064 SearchIndexer.exe 0.0 0.29637758066762393
9352 SkypeApp.exe 0.0 1.086245563820949
9708 LockApp.exe 0.0 0.20179512176381037
10340 aswidsagent.exe 0.0 0.2836033059438796
10684 AvastUI.exe 0.0 0.305093862105066
11892 Discord.exe 0.0 0.21812314208739333
11904 Steam.exe 0.0 0.24436803357809359
7456 Discord.exe 0.0 0.7837689873265749
6816 steamwebhelper.exe 0.0 0.17739913845681
7000 ApplicationFrameHost.exe 0.0 0.16712209037079012
6484 SystemSettings.exe 0.0 0.2666029553716786
12108 Microsoft.Photos.exe 0.0 0.7975997810124332
13420 RuntimeBroker.exe 0.0 0.17470981746233752
5688 WWAHost.exe 0.0 0.35030807132463465
19012 pycharm64.exe 0.0 3.8130489696538943
2288 chrome.exe 0.0 0.8488409506749716
20000 chrome.exe 0.0 0.5675187652174748
23836 chrome.exe 0.0 0.4425853979474718
5216 chrome.exe 0.0 0.24383977409703647
20408 chrome.exe 0.0 0.6123727975181409
